// We list the solutions
// to x^2+2^{alpha_2} 3^{alpha_3} 5^{alpha_5} 7^{alpha_7} 11^{alpha_11} = y^n
// with x>0, gcd(x,y)=1 and n \ge 3.


// The solutions are given in the format [n, x, y, alpha_2, alpha_3, alpha_5, alpha_7, alpha_11].



sols:=
[
    [ 3, 1, 2, 0, 0, 0, 1, 0 ],
    [ 3, 1, 4, 0, 2, 0, 1, 0 ],
    [ 3, 2, 5, 0, 0, 0, 0, 2 ],
    [ 3, 3, 4, 0, 0, 1, 0, 1 ],
    [ 3, 4, 3, 0, 0, 0, 0, 1 ],
    [ 3, 5, 3, 1, 0, 0, 0, 0 ],
    [ 3, 5, 9, 6, 0, 0, 0, 1 ],
    [ 3, 7, 4, 0, 1, 1, 0, 0 ],
    [ 3, 9, 5, 2, 0, 0, 0, 1 ],
    [ 3, 9, 11, 1, 0, 4, 0, 0 ],
    [ 3, 10, 7, 0, 5, 0, 0, 0 ],
    [ 3, 11, 5, 2, 0, 0, 0, 0 ],
    [ 3, 13, 8, 0, 0, 0, 3, 0 ],
    [ 3, 13, 9, 4, 0, 1, 1, 0 ],
    [ 3, 17, 7, 1, 3, 0, 0, 0 ],
    [ 3, 17, 9, 3, 0, 1, 0, 1 ],
    [ 3, 17, 97, 10, 4, 0, 0, 1 ],
    [ 3, 22, 9, 0, 0, 1, 2, 0 ],
    [ 3, 23, 9, 3, 0, 2, 0, 0 ],
    [ 3, 28, 19, 0, 5, 2, 0, 0 ],
    [ 3, 29, 11, 1, 0, 1, 2, 0 ],
    [ 3, 29, 25, 6, 1, 0, 1, 1 ],
    [ 3, 34, 11, 0, 0, 2, 1, 0 ],
    [ 3, 35, 13, 2, 5, 0, 0, 0 ],
    [ 3, 36, 11, 0, 0, 1, 1, 0 ],
    [ 3, 37, 14, 0, 0, 3, 0, 1 ],
    [ 3, 37, 25, 4, 4, 0, 0, 1 ],
    [ 3, 41, 15, 1, 0, 0, 1, 2 ],
    [ 3, 46, 13, 0, 4, 0, 0, 0 ],
    [ 3, 53, 19, 1, 4, 2, 0, 0 ],
    [ 3, 55, 37, 2, 5, 0, 2, 0 ],
    [ 3, 57, 16, 0, 0, 0, 1, 2 ],
    [ 3, 58, 15, 0, 0, 0, 0, 1 ],
    [ 3, 61, 16, 0, 1, 3, 0, 0 ],
    [ 3, 71, 25, 3, 3, 0, 2, 0 ],
    [ 3, 71, 31, 1, 2, 3, 0, 1 ],
    [ 3, 82, 19, 0, 3, 1, 0, 0 ],
    [ 3, 83, 29, 2, 0, 4, 1, 0 ],
    [ 3, 89, 31, 1, 7, 1, 0, 0 ],
    [ 3, 91, 61, 2, 7, 2, 0, 0 ],
    [ 3, 107, 37, 2, 4, 0, 0, 2 ],
    [ 3, 116, 31, 0, 3, 1, 0, 2 ],
    [ 3, 117, 25, 4, 0, 0, 0, 2 ],
    [ 3, 118, 25, 0, 5, 0, 1, 0 ],
    [ 3, 119, 71, 1, 0, 6, 0, 1 ],
    [ 3, 136, 91, 0, 5, 2, 0, 2 ],
    [ 3, 143, 49, 4, 5, 2, 0, 0 ],
    [ 3, 153, 29, 2, 0, 1, 2, 0 ],
    [ 3, 154, 31, 0, 5, 2, 0, 0 ],
    [ 3, 170, 31, 0, 4, 0, 0, 1 ],
    [ 3, 171, 31, 1, 0, 2, 0, 1 ],
    [ 3, 173, 34, 0, 1, 5, 0, 0 ],
    [ 3, 181, 32, 0, 0, 0, 1, 0 ],
    [ 3, 188, 37, 0, 7, 0, 1, 0 ],
    [ 3, 190, 37, 0, 3, 0, 2, 1 ],
    [ 3, 197, 34, 0, 2, 1, 0, 1 ],
    [ 3, 197, 67, 1, 5, 0, 2, 1 ],
    [ 3, 217, 37, 2, 4, 0, 0, 1 ],
    [ 3, 223, 37, 2, 1, 0, 1, 1 ],
    [ 3, 225, 37, 2, 0, 0, 1, 0 ],
    [ 3, 233, 49, 7, 2, 1, 0, 1 ],
    [ 3, 239, 81, 4, 0, 1, 2, 2 ],
    [ 3, 251, 85, 2, 9, 0, 1, 0 ],
    [ 3, 253, 169, 4, 5, 2, 2, 0 ],
    [ 3, 260, 43, 0, 5, 0, 2, 0 ],
    [ 3, 261, 41, 5, 0, 2, 0, 0 ],
    [ 3, 262, 49, 0, 4, 1, 0, 2 ],
    [ 3, 281, 46, 0, 1, 3, 2, 0 ],
    [ 3, 307, 46, 0, 2, 0, 3, 0 ],
    [ 3, 323, 109, 2, 5, 2, 2, 0 ],
    [ 3, 332, 49, 0, 3, 2, 0, 1 ],
    [ 3, 377, 235, 1, 5, 0, 4, 1 ],
    [ 3, 383, 129, 7, 0, 6, 0, 0 ],
    [ 3, 419, 56, 0, 0, 1, 0, 1 ],
    [ 3, 433, 58, 0, 2, 0, 1, 2 ],
    [ 3, 433, 289, 8, 5, 1, 1, 1 ],
    [ 3, 440, 67, 0, 7, 0, 2, 0 ],
    [ 3, 442, 79, 0, 5, 2, 2, 0 ],
    [ 3, 449, 151, 1, 3, 2, 4, 0 ],
    [ 3, 476, 61, 0, 4, 1, 0, 0 ],
    [ 3, 496, 331, 0, 5, 2, 2, 2 ],
    [ 3, 503, 169, 3, 3, 2, 1, 2 ],
    [ 3, 505, 67, 1, 3, 0, 1, 2 ],
    [ 3, 524, 65, 0, 0, 0, 2, 0 ],
    [ 3, 538, 67, 0, 1, 0, 3, 1 ],
    [ 3, 547, 169, 4, 1, 2, 3, 1 ],
    [ 3, 568, 109, 0, 4, 1, 4, 0 ],
    [ 3, 575, 193, 6, 7, 0, 2, 0 ],
    [ 3, 595, 73, 4, 7, 0, 0, 0 ],
    [ 3, 596, 71, 0, 0, 1, 2, 1 ],
    [ 3, 603, 137, 12, 0, 0, 2, 1 ],
    [ 3, 629, 1831, 1, 13, 2, 1, 1 ],
    [ 3, 665, 97, 4, 5, 0, 0, 2 ],
    [ 3, 671, 141, 2, 0, 1, 6, 0 ],
    [ 3, 679, 81, 8, 0, 2, 0, 1 ],
    [ 3, 685, 79, 1, 5, 0, 2, 0 ],
    [ 3, 692, 79, 0, 4, 2, 1, 0 ],
    [ 3, 797, 86, 0, 0, 0, 1, 2 ],
    [ 3, 813, 89, 5, 0, 3, 0, 1 ],
    [ 3, 835, 89, 6, 0, 0, 0, 2 ],
    [ 3, 836, 91, 0, 7, 2, 0, 0 ],
    [ 3, 837, 89, 4, 0, 2, 0, 1 ],
    [ 3, 865, 91, 1, 5, 0, 0, 1 ],
    [ 3, 874, 151, 0, 7, 2, 2, 0 ],
    [ 3, 899, 301, 2, 7, 2, 0, 2 ],
    [ 3, 908, 97, 0, 6, 0, 0, 2 ],
    [ 3, 910, 103, 0, 7, 0, 0, 2 ],
    [ 3, 918, 449, 0, 0, 3, 2, 4 ],
    [ 3, 955, 97, 3, 4, 0, 0, 0 ],
    [ 3, 974, 163, 0, 1, 0, 1, 5 ],
    [ 3, 1009, 136, 0, 2, 3, 0, 3 ],
    [ 3, 1043, 115, 1, 9, 0, 0, 1 ],
    [ 3, 1091, 106, 0, 1, 1, 2, 0 ],
    [ 3, 1133, 109, 2, 4, 1, 1, 0 ],
    [ 3, 1133, 379, 1, 5, 6, 1, 0 ],
    [ 3, 1135, 109, 2, 5, 0, 1, 0 ],
    [ 3, 1169, 121, 3, 4, 4, 0, 0 ],
    [ 3, 1261, 121, 6, 4, 1, 1, 0 ],
    [ 3, 1293, 119, 1, 0, 1, 0, 3 ],
    [ 3, 1315, 121, 5, 3, 0, 2, 0 ],
    [ 3, 1387, 169, 10, 4, 1, 1, 0 ],
    [ 3, 1436, 141, 0, 0, 3, 2, 2 ],
    [ 3, 1450, 247, 0, 7, 0, 2, 2 ],
    [ 3, 1495, 133, 2, 5, 0, 0, 2 ],
    [ 3, 1583, 529, 4, 3, 4, 2, 1 ],
    [ 3, 1700, 163, 0, 5, 0, 2, 2 ],
    [ 3, 1729, 181, 2, 5, 2, 0, 2 ],
    [ 3, 1819, 421, 2, 3, 2, 4, 1 ],
    [ 3, 1861, 841, 12, 1, 4, 1, 1 ],
    [ 3, 2113, 184, 0, 1, 1, 6, 0 ],
    [ 3, 2171, 201, 9, 0, 1, 0, 3 ],
    [ 3, 2177, 169, 3, 7, 1, 0, 0 ],
    [ 3, 2242, 379, 0, 3, 3, 0, 4 ],
    [ 3, 2353, 177, 4, 0, 0, 2, 1 ],
    [ 3, 2429, 181, 2, 3, 2, 0, 1 ],
    [ 3, 2512, 289, 0, 3, 2, 4, 1 ],
    [ 3, 2629, 241, 3, 11, 1, 0, 0 ],
    [ 3, 2681, 193, 4, 4, 0, 0, 0 ],
    [ 3, 2701, 1801, 4, 5, 4, 4, 0 ],
    [ 3, 2771, 331, 1, 3, 4, 1, 2 ],
    [ 3, 2801, 201, 3, 0, 5, 0, 1 ],
    [ 3, 2807, 199, 1, 3, 2, 0, 0 ],
    [ 3, 2815, 221, 2, 0, 0, 2, 4 ],
    [ 3, 2951, 301, 2, 3, 6, 0, 1 ],
    [ 3, 3016, 211, 0, 5, 2, 2, 0 ],
    [ 3, 3059, 211, 1, 6, 2, 0, 0 ],
    [ 3, 3093, 478, 0, 0, 0, 7, 2 ],
    [ 3, 3403, 2269, 2, 9, 2, 2, 2 ],
    [ 3, 3419, 313, 4, 4, 0, 0, 4 ],
    [ 3, 3437, 229, 2, 4, 1, 0, 2 ],
    [ 3, 3443, 249, 12, 0, 3, 1, 0 ],
    [ 3, 3448, 229, 0, 7, 1, 0, 1 ],
    [ 3, 3689, 241, 6, 5, 2, 0, 0 ],
    [ 3, 3781, 415, 1, 5, 0, 6, 0 ],
    [ 3, 3835, 289, 3, 7, 0, 2, 1 ],
    [ 3, 3893, 309, 2, 0, 1, 2, 4 ],
    [ 3, 4024, 253, 0, 5, 0, 1, 0 ],
    [ 3, 4069, 265, 8, 6, 0, 0, 1 ],
    [ 3, 4085, 553, 6, 9, 0, 0, 2 ],
    [ 3, 4229, 284, 0, 0, 0, 3, 4 ],
    [ 3, 4292, 379, 0, 5, 2, 2, 2 ],
    [ 3, 4318, 1499, 0, 0, 10, 3, 0 ],
    [ 3, 4843, 1177, 4, 15, 0, 1, 0 ],
    [ 3, 4859, 1621, 2, 6, 1, 4, 2 ],
    [ 3, 4879, 481, 6, 7, 4, 0, 0 ],
    [ 3, 4888, 289, 0, 4, 2, 0, 2 ],
    [ 3, 4964, 291, 0, 0, 3, 1, 0 ],
    [ 3, 5066, 295, 0, 6, 0, 0, 1 ],
    [ 3, 5291, 361, 6, 5, 2, 2, 0 ],
    [ 3, 5356, 331, 0, 9, 1, 1, 1 ],
    [ 3, 5491, 313, 6, 6, 0, 0, 1 ],
    [ 3, 5497, 785, 8, 0, 0, 0, 6 ],
    [ 3, 5597, 1369, 13, 2, 5, 0, 1 ],
    [ 3, 5797, 337, 3, 5, 0, 4, 0 ],
    [ 3, 5805, 323, 1, 0, 0, 0, 2 ],
    [ 3, 5993, 379, 1, 7, 1, 1, 2 ],
    [ 3, 6021, 331, 1, 0, 3, 2, 0 ],
    [ 3, 6049, 793, 3, 7, 0, 4, 1 ],
    [ 3, 6179, 345, 18, 0, 0, 0, 1 ],
    [ 3, 6203, 844, 0, 1, 7, 4, 0 ],
    [ 3, 6616, 361, 0, 5, 2, 2, 1 ],
    [ 3, 6706, 421, 0, 4, 2, 0, 4 ],
    [ 3, 6749, 361, 4, 5, 1, 1, 1 ],
    [ 3, 7372, 379, 0, 5, 1, 1, 1 ],
    [ 3, 7429, 531, 1, 0, 8, 0, 2 ],
    [ 3, 7568, 499, 0, 7, 4, 2, 0 ],
    [ 3, 7811, 394, 0, 2, 0, 5, 0 ],
    [ 3, 7910, 397, 0, 5, 0, 0, 1 ],
    [ 3, 7911, 401, 6, 0, 1, 2, 2 ],
    [ 3, 8092, 949, 0, 15, 1, 0, 1 ],
    [ 3, 8099, 433, 3, 11, 0, 0, 1 ],
    [ 3, 8173, 409, 5, 4, 4, 0, 0 ],
    [ 3, 8441, 421, 2, 7, 1, 1, 1 ],
    [ 3, 8569, 421, 2, 5, 2, 2, 0 ],
    [ 3, 9143, 709, 2, 11, 1, 1, 1 ],
    [ 3, 9324, 443, 0, 0, 0, 0, 3 ],
    [ 3, 9703, 529, 6, 7, 1, 1, 1 ],
    [ 3, 9757, 457, 4, 7, 0, 1, 0 ],
    [ 3, 9890, 463, 0, 5, 0, 2, 2 ],
    [ 3, 9959, 465, 10, 0, 0, 0, 3 ],
    [ 3, 10261, 1171, 1, 11, 1, 1, 2 ],
    [ 3, 10387, 589, 2, 9, 2, 2, 0 ],
    [ 3, 10513, 609, 21, 0, 1, 0, 1 ],
    [ 3, 10549, 481, 3, 4, 1, 0, 0 ],
    [ 3, 11026, 7351, 0, 7, 4, 4, 2 ],
    [ 3, 11143, 499, 1, 5, 2, 1, 0 ],
    [ 3, 11339, 541, 2, 5, 4, 2, 0 ],
    [ 3, 11341, 505, 7, 3, 0, 2, 0 ],
    [ 3, 11395, 793, 8, 5, 0, 2, 2 ],
    [ 3, 11843, 529, 3, 4, 1, 4, 0 ],
    [ 3, 12502, 559, 0, 5, 4, 0, 2 ],
    [ 3, 13096, 631, 0, 6, 6, 1, 0 ],
    [ 3, 13271, 561, 8, 0, 1, 3, 0 ],
    [ 3, 13328, 619, 0, 9, 2, 0, 2 ],
    [ 3, 13490, 1807, 0, 9, 0, 4, 2 ],
    [ 3, 13537, 568, 0, 2, 0, 1, 0 ],
    [ 3, 14651, 601, 4, 5, 4, 0, 0 ],
    [ 3, 15023, 609, 7, 0, 3, 0, 1 ],
    [ 3, 15344, 661, 0, 6, 1, 0, 4 ],
    [ 3, 15821, 631, 1, 5, 2, 1, 1 ],
    [ 3, 16103, 639, 1, 0, 1, 0, 5 ],
    [ 3, 16523, 649, 5, 7, 1, 0, 0 ],
    [ 3, 16757, 655, 1, 7, 0, 2, 0 ],
    [ 3, 16927, 709, 2, 1, 4, 1, 3 ],
    [ 3, 17303, 669, 2, 0, 3, 2, 0 ],
    [ 3, 17342, 679, 0, 9, 4, 0, 0 ],
    [ 3, 17459, 673, 3, 4, 0, 1, 0 ],
    [ 3, 17641, 961, 4, 5, 2, 2, 2 ],
    [ 3, 17771, 681, 9, 0, 2, 0, 0 ],
    [ 3, 18073, 709, 2, 5, 4, 2, 0 ],
    [ 3, 18395, 697, 4, 3, 0, 2, 1 ],
    [ 3, 18649, 751, 1, 9, 2, 1, 1 ],
    [ 3, 18863, 709, 2, 5, 1, 0, 2 ],
    [ 3, 18880, 751, 0, 1, 0, 5, 3 ],
    [ 3, 19711, 991, 1, 5, 6, 1, 1 ],
    [ 3, 20069, 1021, 2, 7, 4, 0, 2 ],
    [ 3, 20213, 889, 4, 5, 4, 0, 2 ],
    [ 3, 20735, 757, 2, 9, 0, 2, 0 ],
    [ 3, 20791, 793, 3, 4, 0, 1, 4 ],
    [ 3, 21104, 781, 0, 11, 2, 1, 0 ],
    [ 3, 22331, 793, 4, 1, 0, 1, 1 ],
    [ 3, 23867, 829, 2, 4, 2, 0, 1 ],
    [ 3, 24011, 841, 5, 3, 2, 1, 2 ],
    [ 3, 24013, 889, 8, 9, 2, 0, 0 ],
    [ 3, 25327, 1009, 4, 9, 2, 2, 0 ],
    [ 3, 26657, 949, 2, 5, 2, 2, 2 ],
    [ 3, 27053, 919, 1, 11, 3, 0, 0 ],
    [ 3, 27495, 911, 1, 0, 0, 3, 2 ],
    [ 3, 29168, 949, 0, 4, 4, 1, 1 ],
    [ 3, 29233, 949, 2, 6, 1, 1, 0 ],
    [ 3, 29870, 1129, 0, 13, 0, 3, 0 ],
    [ 3, 29971, 1081, 14, 4, 2, 0, 1 ],
    [ 3, 30743, 1969, 18, 6, 1, 1, 0 ],
    [ 3, 31184, 991, 0, 3, 1, 2, 2 ],
    [ 3, 31807, 1009, 4, 4, 1, 4, 0 ],
    [ 3, 31987, 1489, 3, 6, 8, 0, 0 ],
    [ 3, 32012, 2689, 0, 7, 6, 2, 1 ],
    [ 3, 32201, 1051, 1, 4, 6, 2, 0 ],
    [ 3, 34181, 1081, 4, 4, 1, 0, 4 ],
    [ 3, 34255, 1057, 8, 5, 0, 0, 2 ],
    [ 3, 35479, 1081, 3, 4, 4, 0, 1 ],
    [ 3, 36599, 1226, 0, 0, 5, 0, 5 ],
    [ 3, 36917, 1129, 8, 5, 2, 2, 0 ],
    [ 3, 37927, 1129, 3, 7, 1, 1, 0 ],
    [ 3, 38998, 1159, 0, 5, 2, 2, 2 ],
    [ 3, 39151, 1153, 5, 5, 0, 0, 0 ],
    [ 3, 39906, 1171, 0, 0, 6, 1, 2 ],
    [ 3, 40069, 1171, 1, 4, 2, 2, 0 ],
    [ 3, 40419, 1241, 16, 0, 1, 1, 2 ],
    [ 3, 40987, 1189, 2, 4, 2, 0, 2 ],
    [ 3, 41021, 1201, 3, 11, 1, 1, 0 ],
    [ 3, 42587, 2209, 3, 7, 1, 1, 4 ],
    [ 3, 44603, 1369, 4, 5, 2, 2, 2 ],
    [ 3, 44659, 1261, 2, 7, 2, 2, 0 ],
    [ 3, 45305, 1873, 6, 5, 0, 4, 2 ],
    [ 3, 48943, 1345, 5, 7, 0, 2, 1 ],
    [ 3, 50597, 1369, 4, 4, 4, 1, 0 ],
    [ 3, 52429, 1401, 8, 0, 1, 1, 2 ],
    [ 3, 52991, 1411, 1, 3, 2, 1, 2 ],
    [ 3, 53333, 1417, 5, 7, 0, 0, 1 ],
    [ 3, 54431, 1621, 2, 7, 2, 2, 2 ],
    [ 3, 54587, 1439, 1, 0, 2, 2, 1 ],
    [ 3, 54701, 1441, 3, 5, 1, 0, 0 ],
    [ 3, 55063, 8089, 3, 7, 8, 1, 1 ],
    [ 3, 56797, 1499, 1, 0, 1, 6, 2 ],
    [ 3, 57707, 1705, 9, 3, 0, 6, 0 ],
    [ 3, 60229, 2731, 1, 3, 2, 1, 6 ],
    [ 3, 60857, 1549, 2, 5, 2, 2, 1 ],
    [ 3, 63953, 1969, 4, 4, 8, 1, 0 ],
    [ 3, 65969, 1633, 6, 4, 0, 2, 1 ],
    [ 3, 73225, 2161, 16, 8, 0, 0, 1 ],
    [ 3, 76247, 1819, 1, 8, 6, 0, 0 ],
    [ 3, 80011, 2041, 4, 7, 2, 4, 0 ],
    [ 3, 80450, 2797, 0, 5, 0, 8, 1 ],
    [ 3, 80569, 1873, 6, 11, 0, 1, 0 ],
    [ 3, 86437, 4489, 8, 7, 2, 2, 2 ],
    [ 3, 87191, 2011, 1, 9, 2, 2, 1 ],
    [ 3, 87193, 1969, 5, 4, 1, 4, 0 ],
    [ 3, 88021, 1981, 2, 7, 2, 0, 2 ],
    [ 3, 92161, 2041, 3, 5, 4, 1, 0 ],
    [ 3, 94517, 2275, 1, 17, 0, 0, 1 ],
    [ 3, 97129, 2113, 4, 4, 0, 0, 1 ],
    [ 3, 97775, 2137, 3, 5, 0, 1, 4 ],
    [ 3, 99613, 2149, 2, 6, 1, 0, 2 ],
    [ 3, 101683, 2179, 1, 5, 2, 2, 1 ],
    [ 3, 102131, 2221, 2, 7, 2, 4, 0 ],
    [ 3, 113525, 2473, 6, 3, 0, 6, 1 ],
    [ 3, 113975, 2353, 6, 5, 0, 4, 0 ],
    [ 3, 115039, 2641, 4, 7, 2, 2, 2 ],
    [ 3, 122807, 2545, 10, 1, 0, 3, 3 ],
    [ 3, 122975, 2473, 3, 7, 0, 1, 1 ],
    [ 3, 124865, 4993, 8, 11, 0, 4, 0 ],
    [ 3, 130913, 2689, 6, 5, 2, 2, 2 ],
    [ 3, 133561, 2641, 6, 3, 4, 2, 1 ],
    [ 3, 133694, 2671, 0, 9, 2, 4, 0 ],
    [ 3, 135719, 2641, 11, 2, 1, 0, 1 ],
    [ 3, 136387, 2689, 3, 7, 4, 1, 1 ],
    [ 3, 136396, 2731, 0, 5, 2, 4, 2 ],
    [ 3, 139033, 2929, 5, 2, 3, 0, 5 ],
    [ 3, 140374, 2701, 0, 6, 2, 0, 0 ],
    [ 3, 145333, 9769, 6, 4, 1, 4, 4 ],
    [ 3, 147041, 3061, 2, 5, 2, 4, 2 ],
    [ 3, 151759, 3361, 10, 5, 2, 4, 0 ],
    [ 3, 151892, 4579, 0, 9, 4, 2, 2 ],
    [ 3, 161603, 3019, 1, 3, 4, 3, 2 ],
    [ 3, 161756, 2971, 0, 9, 2, 0, 2 ],
    [ 3, 161941, 8361, 24, 0, 2, 0, 3 ],
    [ 3, 162467, 3289, 7, 15, 1, 0, 0 ],
    [ 3, 163531, 3001, 4, 5, 1, 0, 4 ],
    [ 3, 170072, 3169, 0, 3, 10, 0, 1 ],
    [ 3, 173303, 4669, 2, 4, 3, 0, 6 ],
    [ 3, 182323, 3217, 3, 5, 0, 4, 1 ],
    [ 3, 194851, 3361, 3, 4, 1, 1, 0 ],
    [ 3, 196883, 3529, 4, 7, 2, 2, 2 ],
    [ 3, 199801, 3601, 10, 7, 2, 0, 2 ],
    [ 3, 199909, 3441, 3, 0, 1, 0, 7 ],
    [ 3, 202175, 3529, 3, 3, 0, 6, 2 ],
    [ 3, 204317, 3469, 2, 5, 1, 1, 1 ],
    [ 3, 204569, 3481, 3, 4, 1, 1, 4 ],
    [ 3, 209413, 3529, 10, 5, 1, 1, 1 ],
    [ 3, 209467, 3529, 7, 3, 2, 1, 2 ],
    [ 3, 215729, 3601, 4, 11, 1, 0, 1 ],
    [ 3, 222571, 3931, 1, 7, 2, 1, 4 ],
    [ 3, 223579, 3721, 14, 5, 1, 1, 1 ],
    [ 3, 225091, 5161, 4, 11, 4, 2, 0 ],
    [ 3, 238049, 3841, 6, 4, 1, 0, 0 ],
    [ 3, 239363, 3865, 12, 4, 0, 0, 3 ],
    [ 3, 240281, 3865, 3, 3, 0, 2, 2 ],
    [ 3, 241397, 3877, 2, 8, 0, 0, 2 ],
    [ 3, 242947, 5149, 2, 7, 1, 0, 6 ],
    [ 3, 255905, 4033, 10, 7, 0, 2, 0 ],
    [ 3, 263584, 4111, 0, 4, 2, 3, 0 ],
    [ 3, 266734, 4321, 0, 8, 1, 4, 2 ],
    [ 3, 271538, 4789, 0, 7, 4, 4, 1 ],
    [ 3, 279446, 4281, 0, 0, 5, 6, 0 ],
    [ 3, 299419, 4621, 2, 1, 10, 1, 1 ],
    [ 3, 300964, 4491, 0, 0, 2, 2, 1 ],
    [ 3, 314126, 4621, 0, 4, 1, 1, 1 ],
    [ 3, 316709, 7561, 10, 7, 2, 2, 2 ],
    [ 3, 316781, 4921, 10, 5, 4, 0, 2 ],
    [ 3, 320743, 4849, 5, 4, 8, 0, 1 ],
    [ 3, 324197, 6169, 4, 7, 4, 2, 2 ],
    [ 3, 343099, 5065, 7, 11, 0, 2, 1 ],
    [ 3, 353933, 5209, 5, 15, 1, 1, 0 ],
    [ 3, 367982, 5149, 0, 3, 4, 2, 3 ],
    [ 3, 368101, 6721, 3, 6, 1, 8, 0 ],
    [ 3, 369937, 5569, 5, 7, 1, 1, 4 ],
    [ 3, 377315, 11113, 4, 7, 0, 4, 4 ],
    [ 3, 388709, 5461, 2, 4, 3, 4, 2 ],
    [ 3, 388907, 5329, 3, 4, 1, 4, 1 ],
    [ 3, 393343, 5377, 16, 1, 0, 3, 1 ],
    [ 3, 396899, 5401, 6, 4, 4, 1, 0 ],
    [ 3, 397594, 5413, 0, 6, 0, 2, 4 ],
    [ 3, 404003, 5465, 12, 0, 0, 0, 2 ],
    [ 3, 406223, 5485, 2, 5, 0, 3, 0 ],
    [ 3, 409303, 5569, 4, 7, 2, 2, 2 ],
    [ 3, 409814, 5791, 0, 11, 2, 2, 2 ],
    [ 3, 437147, 21769, 9, 4, 12, 0, 0 ],
    [ 3, 438292, 5779, 0, 5, 4, 2, 2 ],
    [ 3, 455671, 7681, 4, 13, 3, 1, 1 ],
    [ 3, 465389, 6073, 7, 7, 0, 4, 1 ],
    [ 3, 482147, 6169, 6, 5, 2, 2, 2 ],
    [ 3, 490195, 6253, 2, 11, 0, 2, 2 ],
    [ 3, 497699, 7681, 3, 4, 1, 8, 1 ],
    [ 3, 506717, 11929, 6, 5, 6, 2, 2 ],
    [ 3, 521479, 6481, 6, 11, 2, 0, 0 ],
    [ 3, 550999, 6721, 4, 4, 1, 1, 0 ],
    [ 3, 560839, 6801, 10, 0, 1, 2, 2 ],
    [ 3, 561329, 6931, 1, 3, 8, 1, 2 ],
    [ 3, 566209, 6961, 4, 5, 8, 0, 1 ],
    [ 3, 589229, 7033, 6, 6, 0, 0, 4 ],
    [ 3, 594035, 7177, 4, 11, 0, 2, 2 ],
    [ 3, 597295, 7291, 1, 5, 0, 8, 1 ],
    [ 3, 597743, 7099, 1, 7, 3, 1, 2 ],
    [ 3, 606691, 7561, 4, 5, 4, 4, 1 ],
    [ 3, 613187, 8089, 16, 5, 3, 1, 1 ],
    [ 3, 617093, 7249, 3, 5, 2, 4, 0 ],
    [ 3, 635669, 7393, 3, 4, 0, 1, 1 ],
    [ 3, 636011, 7441, 3, 2, 7, 0, 3 ],
    [ 3, 644059, 12061, 2, 11, 6, 0, 2 ],
    [ 3, 666701, 11401, 4, 11, 2, 0, 4 ],
    [ 3, 712907, 8947, 1, 13, 0, 2, 3 ],
    [ 3, 722989, 24721, 3, 5, 1, 1, 8 ],
    [ 3, 778924, 14491, 0, 17, 1, 3, 1 ],
    [ 3, 783593, 87049, 3, 23, 3, 1, 0 ],
    [ 3, 809857, 8689, 4, 6, 1, 4, 0 ],
    [ 3, 815039, 9601, 18, 7, 1, 1, 1 ],
    [ 3, 826777, 8809, 3, 7, 2, 0, 1 ],
    [ 3, 832364, 8941, 0, 6, 8, 1, 1 ],
    [ 3, 848447, 9469, 2, 6, 2, 0, 6 ],
    [ 3, 863099, 9601, 3, 3, 6, 3, 2 ],
    [ 3, 930167, 9529, 3, 6, 4, 0, 1 ],
    [ 3, 930313, 11089, 5, 5, 4, 1, 4 ],
    [ 3, 936244, 9571, 0, 9, 3, 1, 1 ],
    [ 3, 940751, 9601, 5, 4, 2, 0, 0 ],
    [ 3, 955450, 9703, 0, 7, 0, 4, 2 ],
    [ 3, 964853, 9769, 6, 7, 3, 1, 1 ],
    [ 3, 984851, 9901, 2, 7, 4, 0, 2 ],
    [ 3, 1031849, 49201, 14, 9, 2, 0, 4 ],
    [ 3, 1086364, 17581, 0, 4, 1, 2, 8 ],
    [ 3, 1120652, 10789, 0, 7, 1, 2, 1 ],
    [ 3, 1120897, 10795, 1, 5, 0, 4, 3 ],
    [ 3, 1124711, 12241, 8, 5, 4, 0, 4 ],
    [ 3, 1133299, 10873, 7, 4, 0, 1, 4 ],
    [ 3, 1153657, 17425, 9, 15, 0, 2, 1 ],
    [ 3, 1185029, 11881, 5, 11, 4, 1, 1 ],
    [ 3, 1186723, 11209, 4, 7, 2, 1, 0 ],
    [ 3, 1194355, 11257, 8, 3, 0, 2, 1 ],
    [ 3, 1203308, 12979, 0, 9, 6, 4, 0 ],
    [ 3, 1239589, 12541, 2, 5, 4, 2, 4 ],
    [ 3, 1249345, 16417, 5, 19, 0, 1, 1 ],
    [ 3, 1299761, 12541, 2, 7, 2, 6, 1 ],
    [ 3, 1322593, 12049, 4, 1, 4, 1, 1 ],
    [ 3, 1329049, 12961, 4, 4, 1, 8, 1 ],
    [ 3, 1330505, 12097, 4, 6, 0, 1, 0 ],
    [ 3, 1377809, 12961, 6, 5, 2, 2, 4 ],
    [ 3, 1399384, 12511, 0, 3, 5, 0, 2 ],
    [ 3, 1412209, 12961, 9, 3, 6, 1, 2 ],
    [ 3, 1434761, 12721, 6, 4, 1, 1, 2 ],
    [ 3, 1462103, 15409, 12, 9, 1, 3, 1 ],
    [ 3, 1465451, 37801, 8, 7, 6, 2, 2 ],
    [ 3, 1472311, 17641, 3, 5, 12, 1, 0 ],
    [ 3, 1549034, 15613, 0, 8, 0, 0, 8 ],
    [ 3, 1559935, 13633, 6, 7, 0, 2, 4 ],
    [ 3, 1566638, 13489, 0, 6, 3, 0, 2 ],
    [ 3, 1578781, 13561, 5, 4, 1, 1, 4 ],
    [ 3, 1615627, 56809, 12, 5, 4, 4, 2 ],
    [ 3, 1629757, 13849, 7, 6, 4, 0, 0 ],
    [ 3, 1749419, 14521, 4, 5, 2, 0, 4 ],
    [ 3, 1800163, 30937, 26, 6, 0, 2, 1 ],
    [ 3, 1802123, 14809, 4, 4, 4, 1, 1 ],
    [ 3, 1869524, 15901, 0, 6, 3, 8, 0 ],
    [ 3, 1876706, 15271, 0, 7, 2, 2, 4 ],
    [ 3, 1938077, 30409, 4, 4, 12, 1, 1 ],
    [ 3, 1975861, 29341, 2, 5, 4, 4, 4 ],
    [ 3, 1976374, 15751, 0, 7, 6, 2, 0 ],
    [ 3, 2021723, 16009, 12, 5, 6, 0, 0 ],
    [ 3, 2040704, 16531, 0, 9, 2, 2, 4 ],
    [ 3, 2078047, 21739, 1, 15, 1, 3, 2 ],
    [ 3, 2107657, 16549, 2, 5, 6, 2, 2 ],
    [ 3, 2196415, 16897, 7, 4, 0, 0, 1 ],
    [ 3, 2237201, 17761, 8, 4, 1, 8, 0 ],
    [ 3, 2259433, 17329, 12, 9, 2, 2, 0 ],
    [ 3, 2270764, 24091, 0, 9, 4, 2, 4 ],
    [ 3, 2367352, 18859, 0, 5, 6, 4, 2 ],
    [ 3, 2397457, 17977, 3, 15, 0, 2, 1 ],
    [ 3, 2400677, 17929, 7, 7, 1, 1, 0 ],
    [ 3, 2412737, 17989, 2, 5, 3, 0, 2 ],
    [ 3, 2422981, 27721, 10, 9, 6, 2, 0 ],
    [ 3, 2521583, 18529, 11, 2, 3, 0, 3 ],
    [ 3, 2586149, 18841, 4, 5, 1, 3, 1 ],
    [ 3, 2632043, 20749, 2, 1, 2, 3, 7 ],
    [ 3, 2701511, 19441, 5, 4, 8, 2, 0 ],
    [ 3, 2825542, 20029, 0, 5, 8, 2, 1 ],
    [ 3, 2862649, 20161, 4, 5, 1, 1, 0 ],
    [ 3, 3079943, 21169, 5, 4, 1, 4, 1 ],
    [ 3, 3108851, 21301, 2, 3, 2, 0, 3 ],
    [ 3, 3238327, 24049, 10, 11, 1, 3, 1 ],
    [ 3, 3511124, 23101, 0, 4, 2, 1, 1 ],
    [ 3, 3520859, 24201, 12, 0, 1, 2, 6 ],
    [ 3, 3601097, 23494, 0, 2, 5, 0, 3 ],
    [ 3, 3689029, 23881, 14, 6, 3, 1, 0 ],
    [ 3, 3729455, 24049, 4, 10, 0, 0, 1 ],
    [ 3, 3886721, 24721, 4, 11, 1, 1, 1 ],
    [ 3, 3901969, 27421, 2, 3, 6, 4, 3 ],
    [ 3, 3950711, 24991, 1, 7, 5, 0, 0 ],
    [ 3, 4029733, 25369, 4, 15, 1, 1, 1 ],
    [ 3, 4031749, 151561, 6, 19, 1, 1, 3 ],
    [ 3, 4508127, 27329, 20, 0, 1, 5, 0 ],
    [ 3, 5084575, 29569, 6, 1, 0, 5, 1 ],
    [ 3, 5339377, 30559, 1, 5, 6, 3, 1 ],
    [ 3, 5574871, 31441, 5, 11, 1, 2, 0 ],
    [ 3, 5638951, 31681, 4, 5, 1, 0, 1 ],
    [ 3, 5874553, 168337, 7, 5, 0, 12, 1 ],
    [ 3, 6070429, 56281, 10, 15, 3, 1, 1 ],
    [ 3, 6826609, 51361, 14, 11, 4, 2, 0 ],
    [ 3, 6830011, 44881, 3, 6, 1, 1, 8 ],
    [ 3, 6976999, 42001, 6, 7, 4, 4, 2 ],
    [ 3, 7100666, 36961, 0, 4, 5, 4, 2 ],
    [ 3, 7150823, 47569, 26, 7, 1, 1, 1 ],
    [ 3, 7300511, 37633, 6, 4, 0, 2, 0 ],
    [ 3, 7305031, 37921, 4, 9, 4, 2, 2 ],
    [ 3, 7317269, 70921, 5, 15, 2, 4, 1 ],
    [ 3, 7506703, 39169, 5, 11, 2, 4, 1 ],
    [ 3, 7842421, 40681, 10, 3, 8, 2, 1 ],
    [ 3, 7990487, 45739, 1, 9, 4, 6, 1 ],
    [ 3, 8132419, 40441, 5, 5, 1, 1, 4 ],
    [ 3, 8246953, 40819, 1, 9, 2, 1, 0 ],
    [ 3, 8373707, 41449, 7, 11, 4, 1, 1 ],
    [ 3, 8399327, 41409, 8, 0, 3, 6, 2 ],
    [ 3, 8421643, 41449, 18, 4, 2, 2, 1 ],
    [ 3, 8696393, 42289, 6, 4, 1, 4, 1 ],
    [ 3, 8703478, 42409, 0, 10, 1, 0, 6 ],
    [ 3, 8718641, 42361, 3, 6, 4, 2, 0 ],
    [ 3, 8744653, 43129, 12, 9, 1, 1, 3 ],
    [ 3, 9101359, 43873, 7, 7, 0, 8, 0 ],
    [ 3, 9368729, 44641, 4, 13, 1, 1, 3 ],
    [ 3, 10241531, 47161, 4, 4, 1, 2, 4 ],
    [ 3, 10359251, 47521, 3, 6, 1, 0, 1 ],
    [ 3, 10712143, 66889, 3, 23, 1, 2, 0 ],
    [ 3, 11314351, 50401, 8, 7, 4, 2, 0 ],
    [ 3, 12540725, 68377, 4, 3, 0, 10, 3 ],
    [ 3, 13394521, 56401, 8, 11, 1, 0, 1 ],
    [ 3, 13697807, 57249, 12, 0, 6, 0, 1 ],
    [ 3, 14095241, 59761, 14, 5, 4, 2, 2 ],
    [ 3, 14259970, 58807, 0, 13, 0, 0, 4 ],
    [ 3, 14281091, 70681, 30, 4, 1, 3, 0 ],
    [ 3, 14432732, 59299, 0, 5, 2, 4, 4 ],
    [ 3, 14524588, 59539, 0, 13, 2, 4, 0 ],
    [ 3, 14848847, 67369, 3, 4, 12, 2, 1 ],
    [ 3, 14950718, 60799, 0, 13, 6, 2, 0 ],
    [ 3, 15253237, 69295, 1, 11, 0, 10, 0 ],
    [ 3, 15553817, 62329, 3, 15, 2, 1, 1 ],
    [ 3, 16385921, 64513, 8, 5, 0, 1, 0 ],
    [ 3, 16720768, 65389, 0, 6, 1, 4, 2 ],
    [ 3, 16777243, 67849, 8, 13, 4, 0, 2 ],
    [ 3, 17203311, 66641, 4, 0, 5, 2, 2 ],
    [ 3, 17299387, 66889, 10, 8, 2, 0, 1 ],
    [ 3, 17971759, 68611, 1, 3, 2, 3, 2 ],
    [ 3, 18192236, 69171, 0, 0, 1, 3, 2 ],
    [ 3, 18551413, 83689, 10, 13, 2, 2, 2 ],
    [ 3, 18561257, 93349, 2, 13, 4, 6, 0 ],
    [ 3, 19800199, 73201, 5, 7, 8, 1, 0 ],
    [ 3, 19975544, 73621, 0, 4, 3, 2, 4 ],
    [ 3, 20404369, 74671, 1, 9, 2, 1, 3 ],
    [ 3, 21184633, 307729, 12, 9, 2, 6, 2 ],
    [ 3, 21333581, 76921, 8, 4, 2, 0, 4 ],
    [ 3, 23243851, 81601, 3, 5, 2, 8, 1 ],
    [ 3, 23879359, 84001, 5, 19, 1, 0, 2 ],
    [ 3, 24963308, 85429, 0, 15, 2, 1, 2 ],
    [ 3, 25247251, 91501, 2, 11, 4, 4, 2 ],
    [ 3, 26430067, 88729, 5, 5, 4, 1, 1 ],
    [ 3, 26694233, 89329, 5, 5, 8, 1, 1 ],
    [ 3, 26742967, 89429, 2, 0, 8, 5, 0 ],
    [ 3, 27044576, 209071, 0, 3, 1, 4, 10 ],
    [ 3, 27379169, 90841, 3, 7, 1, 1, 4 ],
    [ 3, 28126783, 106429, 2, 9, 10, 2, 1 ],
    [ 3, 28635191, 94561, 4, 19, 3, 0, 1 ],
    [ 3, 29257577, 101809, 8, 7, 2, 6, 2 ],
    [ 3, 30260413, 148789, 2, 5, 6, 6, 3 ],
    [ 3, 30946427, 98569, 6, 7, 1, 1, 1 ],
    [ 3, 31051441, 114811, 1, 11, 3, 1, 6 ],
    [ 3, 32190283, 101929, 6, 4, 3, 4, 4 ],
    [ 3, 32848901, 102601, 8, 5, 4, 4, 1 ],
    [ 3, 33384799, 103681, 6, 7, 1, 0, 0 ],
    [ 3, 35627551, 109201, 4, 1, 4, 7, 3 ],
    [ 3, 36868691, 114361, 12, 1, 2, 9, 1 ],
    [ 3, 37281523, 111609, 20, 0, 4, 2, 1 ],
    [ 3, 38539943, 114097, 5, 7, 0, 4, 1 ],
    [ 3, 41899465, 120817, 8, 7, 0, 6, 2 ],
    [ 3, 42242089, 205041, 6, 0, 5, 10, 2 ],
    [ 3, 42554359, 155761, 10, 7, 2, 4, 4 ],
    [ 3, 42907409, 308911, 1, 5, 14, 1, 3 ],
    [ 3, 43669277, 124909, 2, 5, 2, 6, 4 ],
    [ 3, 43918993, 233809, 4, 4, 1, 12, 2 ],
    [ 3, 45441143, 129649, 8, 5, 6, 6, 0 ],
    [ 3, 45939097, 128269, 2, 9, 2, 2, 1 ],
    [ 3, 46164887, 128689, 10, 4, 3, 3, 0 ],
    [ 3, 47449331, 131065, 15, 3, 0, 2, 0 ],
    [ 3, 53341919, 141793, 5, 5, 0, 8, 2 ],
    [ 3, 56843711, 147841, 12, 5, 2, 2, 2 ],
    [ 3, 61161211, 155233, 3, 5, 0, 2, 1 ],
    [ 3, 63043001, 158401, 4, 5, 2, 0, 1 ],
    [ 3, 64379311, 220641, 19, 0, 7, 0, 5 ],
    [ 3, 65896811, 165841, 3, 6, 2, 1, 8 ],
    [ 3, 68323157, 199849, 7, 23, 2, 0, 1 ],
    [ 3, 69072191, 168961, 7, 3, 2, 3, 6 ],
    [ 3, 69967115, 169801, 5, 11, 0, 2, 3 ],
    [ 3, 70483393, 171649, 12, 3, 4, 6, 1 ],
    [ 3, 73173323, 174959, 1, 0, 10, 2, 3 ],
    [ 3, 74018267, 215779, 1, 5, 2, 10, 3 ],
    [ 3, 80525879, 186481, 7, 4, 8, 0, 2 ],
    [ 3, 85473739, 194041, 4, 7, 2, 4, 2 ],
    [ 3, 87253433, 196729, 3, 15, 3, 2, 0 ],
    [ 3, 93976091, 209161, 8, 6, 12, 1, 0 ],
    [ 3, 101024839, 216913, 6, 11, 0, 1, 2 ],
    [ 3, 102512537, 219139, 1, 7, 10, 3, 0 ],
    [ 3, 108404857, 309649, 7, 4, 3, 12, 0 ],
    [ 3, 111977999, 232321, 5, 4, 1, 0, 2 ],
    [ 3, 116212076, 238141, 0, 8, 1, 2, 0 ],
    [ 3, 117394759, 239761, 8, 9, 5, 1, 1 ],
    [ 3, 120498209, 243961, 3, 5, 4, 1, 2 ],
    [ 3, 123510689, 249841, 4, 4, 2, 2, 8 ],
    [ 3, 126503749, 252001, 3, 5, 3, 1, 0 ],
    [ 3, 127924397, 579769, 16, 5, 6, 2, 4 ],
    [ 3, 129533723, 256009, 9, 7, 3, 0, 0 ],
    [ 3, 135683407, 264049, 4, 4, 3, 4, 1 ],
    [ 3, 141184709, 412861, 2, 15, 2, 4, 4 ],
    [ 3, 142330789, 273991, 1, 17, 6, 1, 1 ],
    [ 3, 144255005, 276697, 16, 9, 0, 4, 2 ],
    [ 3, 145415593, 276529, 9, 6, 1, 4, 0 ],
    [ 3, 147823381, 299161, 4, 6, 1, 8, 4 ],
    [ 3, 149264641, 576361, 3, 15, 8, 3, 1 ],
    [ 3, 153355033, 293329, 16, 11, 2, 2, 2 ],
    [ 3, 157025791, 291061, 2, 9, 2, 4, 2 ],
    [ 3, 161287811, 329641, 4, 7, 8, 2, 4 ],
    [ 3, 191539027, 334009, 26, 4, 3, 1, 2 ],
    [ 3, 200968993, 343099, 1, 7, 3, 3, 2 ],
    [ 3, 207738089, 352291, 1, 11, 6, 1, 4 ],
    [ 3, 213296399, 362401, 10, 7, 8, 4, 0 ],
    [ 3, 213574985, 357361, 13, 7, 0, 6, 1 ],
    [ 3, 224164261, 370441, 7, 5, 12, 1, 1 ],
    [ 3, 238791979, 385081, 4, 7, 8, 2, 2 ],
    [ 3, 253186039, 440491, 1, 6, 14, 4, 0 ],
    [ 3, 259431614, 421591, 0, 11, 2, 6, 4 ],
    [ 3, 280655731, 993721, 6, 7, 12, 4, 1 ],
    [ 3, 289584107, 453289, 8, 23, 1, 1, 1 ],
    [ 3, 295670843, 447049, 24, 5, 3, 3, 1 ],
    [ 3, 309283451, 457801, 7, 11, 3, 1, 4 ],
    [ 3, 314940844, 463171, 0, 9, 4, 6, 2 ],
    [ 3, 333135278, 821869, 0, 7, 16, 0, 3 ],
    [ 3, 335802455, 483121, 8, 4, 0, 0, 5 ],
    [ 3, 366823639, 513841, 10, 15, 4, 0, 2 ],
    [ 3, 426690089, 567601, 10, 6, 1, 0, 8 ],
    [ 3, 427790159, 574561, 6, 15, 2, 4, 2 ],
    [ 3, 445230773, 584809, 9, 7, 2, 8, 1 ],
    [ 3, 450913931, 588421, 2, 3, 2, 12, 1 ],
    [ 3, 460078093, 607849, 4, 23, 2, 3, 0 ],
    [ 3, 470487331, 604921, 5, 6, 2, 1, 4 ],
    [ 3, 471936428, 606169, 0, 8, 4, 0, 6 ],
    [ 3, 502347133, 751129, 15, 3, 6, 1, 6 ],
    [ 3, 507184399, 636001, 6, 5, 2, 8, 1 ],
    [ 3, 530983648, 656209, 0, 3, 2, 8, 5 ],
    [ 3, 558706679, 678385, 7, 7, 0, 6, 3 ],
    [ 3, 586119421, 865561, 9, 19, 1, 1, 4 ],
    [ 3, 588687877, 702409, 9, 3, 2, 3, 2 ],
    [ 3, 615053809, 723361, 10, 19, 2, 1, 0 ],
    [ 3, 624641093, 1145299, 1, 15, 5, 1, 6 ],
    [ 3, 649504763, 749989, 2, 4, 6, 0, 2 ],
    [ 3, 657131581, 756121, 8, 9, 6, 2, 2 ],
    [ 3, 687956779, 779881, 6, 11, 6, 2, 2 ],
    [ 3, 688401811, 779641, 6, 7, 3, 1, 1 ],
    [ 3, 711806761, 1221361, 6, 27, 1, 2, 1 ],
    [ 3, 713268541, 798361, 12, 11, 2, 2, 2 ],
    [ 3, 720354923, 838909, 2, 13, 6, 2, 4 ],
    [ 3, 724146751, 806401, 7, 5, 2, 1, 0 ],
    [ 3, 888437773, 924169, 4, 9, 1, 5, 1 ],
    [ 3, 900613909, 949161, 17, 0, 15, 0, 1 ],
    [ 3, 912668635, 940897, 3, 8, 0, 0, 2 ],
    [ 3, 921271049, 946801, 10, 4, 8, 1, 1 ],
    [ 3, 923970977, 948649, 3, 7, 1, 2, 2 ],
    [ 3, 958367843, 972049, 3, 8, 3, 4, 0 ],
    [ 3, 1081567619, 1053721, 18, 5, 2, 6, 0 ],
    [ 3, 1083070729, 1255081, 3, 7, 4, 3, 8 ],
    [ 3, 1256682167, 1164529, 8, 5, 3, 1, 3 ],
    [ 3, 1363761503, 1253569, 8, 3, 12, 2, 3 ],
    [ 3, 1397586133, 1250089, 8, 8, 1, 4, 4 ],
    [ 3, 1706430601, 1428001, 4, 7, 2, 8, 1 ],
    [ 3, 1818358849, 1489951, 1, 17, 2, 5, 1 ],
    [ 3, 1887445027, 1920697, 5, 15, 0, 8, 3 ],
    [ 3, 1992737753, 1583569, 7, 5, 4, 3, 4 ],
    [ 3, 2130135434, 1670311, 0, 11, 8, 0, 6 ],
    [ 3, 2262537901, 1726201, 6, 11, 2, 2, 6 ],
    [ 3, 2336561695, 1760977, 4, 9, 0, 4, 6 ],
    [ 3, 2336728897, 1760917, 2, 6, 0, 2, 3 ],
    [ 3, 2538722897, 1932769, 34, 8, 4, 0, 1 ],
    [ 3, 2591083027, 1886509, 2, 5, 6, 6, 2 ],
    [ 3, 2685112345, 1931857, 7, 11, 0, 3, 1 ],
    [ 3, 2804285107, 13456249, 20, 17, 2, 2, 4 ],
    [ 3, 3027347819, 2430121, 12, 5, 2, 6, 6 ],
    [ 3, 3425412439, 2272561, 8, 5, 1, 2, 8 ],
    [ 3, 3469480811, 2291881, 18, 7, 1, 3, 3 ],
    [ 3, 3478138327, 2661409, 4, 8, 3, 4, 8 ],
    [ 3, 3638045951, 2365441, 9, 4, 1, 1, 1 ],
    [ 3, 3960561457, 4598449, 4, 25, 7, 1, 1 ],
    [ 3, 3970820944, 2514121, 0, 13, 2, 10, 1 ],
    [ 3, 5470374799, 3104641, 5, 5, 1, 2, 1 ],
    [ 3, 5589121607, 3158929, 9, 6, 1, 12, 1 ],
    [ 3, 5601362201, 9724801, 4, 5, 4, 16, 1 ],
    [ 3, 6818511673, 3600529, 9, 15, 1, 3, 4 ],
    [ 3, 7185414179, 3752281, 36, 1, 4, 1, 3 ],
    [ 3, 8458081883, 21013129, 9, 27, 4, 3, 1 ],
    [ 3, 9063966563, 4347589, 2, 10, 3, 8, 2 ],
    [ 3, 9280589597, 4416217, 11, 15, 0, 2, 1 ],
    [ 3, 10020352537, 4647889, 11, 7, 4, 1, 4 ],
    [ 3, 10049718601, 4656961, 4, 6, 1, 2, 1 ],
    [ 3, 10388556172, 4800469, 0, 31, 4, 1, 0 ],
    [ 3, 10757899909, 4903585, 3, 15, 0, 6, 5 ],
    [ 3, 11077953967, 5864929, 20, 13, 8, 0, 2 ],
    [ 3, 11363790311, 5054641, 5, 5, 4, 1, 8 ],
    [ 3, 13622871851, 5705401, 4, 9, 4, 8, 2 ],
    [ 3, 13832636399, 5762401, 8, 5, 4, 8, 0 ],
    [ 3, 14661091549, 6012301, 2, 7, 8, 8, 2 ],
    [ 3, 15289019479, 6160081, 5, 11, 4, 1, 1 ],
    [ 3, 17137249109, 6647041, 3, 19, 1, 3, 2 ],
    [ 3, 19701268397, 7299769, 11, 7, 3, 1, 8 ],
    [ 3, 20166588919, 7408921, 3, 6, 2, 3, 4 ],
    [ 3, 23533137271, 8212081, 8, 9, 8, 0, 1 ],
    [ 3, 27666910151, 9147601, 6, 9, 4, 2, 4 ],
    [ 3, 29319233203, 9524089, 34, 10, 1, 1, 2 ],
    [ 3, 32254711091, 10199161, 39, 2, 5, 0, 3 ],
    [ 3, 37769367833, 12210529, 4, 11, 10, 6, 2 ],
    [ 3, 40515651541, 12308521, 9, 4, 1, 3, 12 ],
    [ 3, 40620607847, 11816869, 2, 19, 5, 3, 1 ],
    [ 3, 42069677581, 12096121, 7, 6, 3, 1, 4 ],
    [ 3, 43775333533, 14675929, 42, 5, 3, 1, 3 ],
    [ 3, 45652001149, 12773401, 9, 7, 4, 1, 1 ],
    [ 3, 47893293197, 13188169, 4, 8, 12, 1, 2 ],
    [ 3, 50886801253, 13768969, 12, 15, 2, 6, 2 ],
    [ 3, 51006438757, 13753609, 18, 9, 1, 3, 1 ],
    [ 3, 60297532343, 16392049, 7, 7, 3, 1, 12 ],
    [ 3, 63831706343, 15972049, 8, 5, 6, 2, 6 ],
    [ 3, 69223561091, 16859161, 12, 4, 4, 3, 0 ],
    [ 3, 83711516876, 19136251, 0, 17, 8, 2, 0 ],
    [ 3, 99699794389, 21707305, 19, 11, 0, 10, 1 ],
    [ 3, 137395506059, 26626561, 3, 19, 4, 0, 3 ],
    [ 3, 145005164389, 27600841, 6, 7, 4, 4, 3 ],
    [ 3, 165830871277, 30184009, 4, 7, 3, 3, 1 ],
    [ 3, 171307502423, 32271409, 11, 11, 16, 1, 1 ],
    [ 3, 178310328407, 31680049, 16, 7, 8, 2, 2 ],
    [ 3, 302711630563, 48884089, 5, 7, 20, 3, 1 ],
    [ 3, 646026193763, 77590489, 24, 7, 6, 2, 6 ],
    [ 3, 825169913263, 87979489, 13, 8, 16, 0, 1 ],
    [ 3, 872051892839, 91277041, 5, 6, 8, 4, 1 ],
    [ 3, 885289031999, 92198401, 7, 4, 2, 4, 0 ],
    [ 3, 941336045299, 96049801, 4, 11, 4, 4, 4 ],
    [ 3, 1042114128551, 106791301, 2, 17, 2, 8, 6 ],
    [ 3, 1613400405308, 137730979, 0, 29, 3, 1, 5 ],
    [ 3, 1713763589453, 143555449, 13, 31, 1, 1, 2 ],
    [ 3, 1770682630751, 146361601, 6, 6, 2, 1, 2 ],
    [ 3, 2194875223423, 169233409, 8, 1, 8, 3, 11 ],
    [ 3, 3962688342929, 279677281, 16, 15, 4, 2, 8 ],
    [ 3, 4085253880343, 255552049, 7, 4, 3, 4, 3 ],
    [ 3, 4378257615761, 267635041, 26, 9, 2, 4, 4 ],
    [ 3, 5076364475251, 295858501, 2, 8, 7, 4, 10 ],
    [ 3, 5357537631251, 306180001, 3, 10, 4, 1, 0 ],
    [ 3, 9290123731783, 441924079, 1, 9, 2, 3, 5 ],
    [ 3, 11411895768407, 506880049, 11, 5, 4, 4, 1 ],
    [ 3, 12264126195763, 531825739, 1, 7, 6, 7, 8 ],
    [ 3, 23881685408099, 829388851, 1, 27, 3, 7, 2 ],
    [ 3, 40909974703471, 1259453281, 11, 9, 2, 1, 16 ],
    [ 3, 42741745572707, 1222463449, 15, 11, 12, 1, 3 ],
    [ 3, 60245508133999, 1536796801, 5, 7, 2, 2, 2 ],
    [ 3, 68987627984141, 1682087401, 4, 10, 1, 4, 12 ],
    [ 3, 280213436582801, 4282124641, 16, 6, 1, 8, 2 ],
    [ 4, 1, 2, 0, 1, 1, 0, 0 ],
    [ 4, 1, 3, 4, 0, 1, 0, 0 ],
    [ 4, 1, 7, 5, 1, 2, 0, 0 ],
    [ 4, 2, 3, 0, 0, 0, 1, 1 ],
    [ 4, 3, 2, 0, 0, 0, 1, 0 ],
    [ 4, 3, 5, 3, 0, 0, 1, 1 ],
    [ 4, 5, 3, 3, 0, 0, 1, 0 ],
    [ 4, 5, 4, 0, 1, 0, 1, 1 ],
    [ 4, 5, 7, 3, 3, 0, 0, 1 ],
    [ 4, 7, 3, 5, 0, 0, 0, 0 ],
    [ 4, 7, 5, 6, 2, 0, 0, 0 ],
    [ 4, 7, 13, 5, 4, 0, 0, 1 ],
    [ 4, 9, 4, 0, 0, 2, 1, 0 ],
    [ 4, 11, 4, 0, 3, 1, 0, 0 ],
    [ 4, 11, 5, 3, 2, 0, 1, 0 ],
    [ 4, 17, 5, 4, 1, 0, 1, 0 ],
    [ 4, 17, 7, 6, 1, 0, 0, 1 ],
    [ 4, 17, 9, 7, 0, 0, 2, 0 ],
    [ 4, 19, 5, 3, 1, 0, 0, 1 ],
    [ 4, 19, 17, 3, 3, 1, 1, 1 ],
    [ 4, 23, 5, 5, 1, 0, 0, 0 ],
    [ 4, 23, 11, 5, 2, 0, 2, 0 ],
    [ 4, 24, 5, 0, 0, 0, 2, 0 ],
    [ 4, 29, 13, 3, 2, 1, 1, 1 ],
    [ 4, 31, 7, 5, 2, 1, 0, 0 ],
    [ 4, 31, 9, 5, 0, 2, 1, 0 ],
    [ 4, 31, 19, 4, 1, 1, 2, 1 ],
    [ 4, 31, 47, 7, 2, 1, 1, 2 ],
    [ 4, 39, 7, 4, 0, 1, 0, 1 ],
    [ 4, 41, 7, 4, 2, 1, 0, 0 ],
    [ 4, 41, 11, 5, 4, 1, 0, 0 ],
    [ 4, 41, 13, 8, 1, 1, 1, 0 ],
    [ 4, 41, 29, 6, 2, 2, 2, 0 ],
    [ 4, 41, 71, 4, 1, 4, 1, 2 ],
    [ 4, 47, 7, 6, 1, 0, 0, 0 ],
    [ 4, 47, 17, 5, 1, 0, 1, 2 ],
    [ 4, 57, 8, 0, 0, 0, 1, 2 ],
    [ 4, 59, 9, 3, 0, 1, 1, 1 ],
    [ 4, 61, 8, 0, 1, 3, 0, 0 ],
    [ 4, 71, 11, 7, 1, 2, 0, 0 ],
    [ 4, 71, 13, 5, 1, 1, 2, 0 ],
    [ 4, 73, 9, 4, 0, 0, 1, 1 ],
    [ 4, 73, 13, 6, 1, 0, 0, 2 ],
    [ 4, 79, 9, 6, 0, 1, 0, 0 ],
    [ 4, 79, 11, 4, 1, 2, 1, 0 ],
    [ 4, 81, 13, 4, 0, 3, 0, 1 ],
    [ 4, 89, 10, 0, 3, 0, 1, 1 ],
    [ 4, 89, 11, 6, 1, 1, 1, 0 ],
    [ 4, 89, 17, 4, 3, 2, 1, 0 ],
    [ 4, 89, 37, 9, 6, 1, 0, 0 ],
    [ 4, 103, 11, 6, 2, 0, 1, 0 ],
    [ 4, 106, 13, 0, 2, 2, 1, 1 ],
    [ 4, 119, 11, 5, 1, 1, 0, 0 ],
    [ 4, 119, 13, 6, 2, 2, 0, 0 ],
    [ 4, 119, 19, 6, 1, 1, 0, 2 ],
    [ 4, 125, 13, 3, 1, 0, 2, 1 ],
    [ 4, 127, 15, 6, 0, 0, 2, 1 ],
    [ 4, 139, 13, 3, 1, 1, 1, 1 ],
    [ 4, 141, 22, 0, 0, 4, 3, 0 ],
    [ 4, 151, 13, 7, 2, 1, 0, 0 ],
    [ 4, 151, 19, 10, 1, 1, 1, 0 ],
    [ 4, 155, 13, 3, 4, 0, 1, 0 ],
    [ 4, 161, 13, 4, 1, 1, 0, 1 ],
    [ 4, 161, 17, 8, 2, 2, 0, 0 ],
    [ 4, 167, 13, 5, 1, 0, 1, 0 ],
    [ 4, 191, 17, 6, 1, 1, 2, 0 ],
    [ 4, 191, 31, 8, 2, 1, 1, 1 ],
    [ 4, 199, 19, 5, 4, 1, 1, 0 ],
    [ 4, 199, 21, 8, 0, 1, 0, 2 ],
    [ 4, 199, 43, 12, 1, 2, 0, 1 ],
    [ 4, 201, 17, 4, 0, 1, 2, 1 ],
    [ 4, 221, 23, 3, 1, 3, 1, 1 ],
    [ 4, 223, 15, 7, 0, 0, 1, 0 ],
    [ 4, 223, 17, 10, 1, 0, 0, 1 ],
    [ 4, 233, 19, 8, 3, 0, 0, 1 ],
    [ 4, 239, 17, 5, 1, 2, 0, 1 ],
    [ 4, 239, 27, 4, 0, 1, 2, 2 ],
    [ 4, 239, 71, 6, 1, 1, 4, 1 ],
    [ 4, 241, 23, 6, 2, 1, 1, 1 ],
    [ 4, 261, 17, 3, 0, 2, 1, 1 ],
    [ 4, 271, 17, 5, 2, 1, 1, 0 ],
    [ 4, 271, 39, 9, 0, 4, 1, 0 ],
    [ 4, 278, 17, 0, 4, 0, 1, 1 ],
    [ 4, 287, 17, 7, 2, 0, 0, 0 ],
    [ 4, 289, 31, 6, 1, 4, 1, 0 ],
    [ 4, 311, 19, 6, 1, 2, 1, 0 ],
    [ 4, 325, 19, 3, 2, 0, 3, 0 ],
    [ 4, 339, 19, 3, 0, 2, 1, 1 ],
    [ 4, 343, 19, 7, 2, 0, 0, 1 ],
    [ 4, 353, 23, 5, 2, 0, 2, 1 ],
    [ 4, 359, 19, 5, 2, 1, 0, 0 ],
    [ 4, 359, 53, 6, 2, 2, 2, 1 ],
    [ 4, 367, 23, 8, 4, 0, 1, 0 ],
    [ 4, 383, 25, 5, 2, 0, 1, 2 ],
    [ 4, 391, 29, 5, 2, 2, 1, 1 ],
    [ 4, 391, 43, 7, 6, 1, 1, 0 ],
    [ 4, 409, 29, 5, 3, 4, 0, 0 ],
    [ 4, 411, 31, 3, 0, 2, 3, 1 ],
    [ 4, 431, 23, 7, 1, 1, 2, 0 ],
    [ 4, 431, 41, 7, 1, 4, 0, 1 ],
    [ 4, 439, 21, 5, 0, 1, 0, 1 ],
    [ 4, 439, 23, 4, 2, 1, 0, 2 ],
    [ 4, 439, 67, 7, 4, 2, 1, 1 ],
    [ 4, 479, 23, 5, 2, 2, 1, 0 ],
    [ 4, 521, 23, 4, 1, 2, 1, 0 ],
    [ 4, 527, 23, 6, 1, 0, 0, 1 ],
    [ 4, 527, 25, 8, 2, 0, 2, 0 ],
    [ 4, 599, 29, 6, 2, 1, 0, 2 ],
    [ 4, 607, 25, 5, 2, 0, 1, 1 ],
    [ 4, 617, 29, 6, 6, 0, 1, 0 ],
    [ 4, 655, 26, 0, 1, 0, 1, 3 ],
    [ 4, 679, 27, 8, 0, 2, 0, 1 ],
    [ 4, 719, 31, 5, 1, 1, 1, 2 ],
    [ 4, 721, 73, 10, 2, 2, 0, 2 ],
    [ 4, 743, 29, 5, 2, 0, 2, 1 ],
    [ 4, 799, 31, 6, 4, 1, 0, 1 ],
    [ 4, 801, 107, 4, 0, 3, 2, 3 ],
    [ 4, 809, 29, 6, 1, 2, 0, 1 ],
    [ 4, 809, 37, 5, 2, 1, 1, 2 ],
    [ 4, 821, 31, 3, 4, 1, 1, 1 ],
    [ 4, 839, 29, 5, 1, 1, 1, 0 ],
    [ 4, 878, 47, 0, 2, 0, 3, 3 ],
    [ 4, 911, 41, 6, 4, 1, 1, 1 ],
    [ 4, 929, 31, 6, 3, 1, 1, 0 ],
    [ 4, 959, 31, 8, 1, 1, 0, 0 ],
    [ 4, 959, 47, 6, 2, 4, 0, 1 ],
    [ 4, 967, 43, 9, 2, 0, 2, 1 ],
    [ 4, 981, 41, 3, 0, 2, 1, 3 ],
    [ 4, 1009, 71, 7, 2, 2, 1, 2 ],
    [ 4, 1031, 34, 0, 7, 3, 0, 0 ],
    [ 4, 1061, 37, 3, 5, 1, 1, 1 ],
    [ 4, 1081, 37, 6, 2, 2, 2, 0 ],
    [ 4, 1081, 61, 5, 1, 1, 4, 1 ],
    [ 4, 1241, 53, 6, 4, 2, 2, 0 ],
    [ 4, 1271, 37, 5, 1, 1, 2, 1 ],
    [ 4, 1279, 39, 5, 0, 2, 1, 2 ],
    [ 4, 1289, 41, 4, 3, 1, 2, 1 ],
    [ 4, 1319, 37, 8, 1, 2, 1, 0 ],
    [ 4, 1321, 59, 5, 3, 1, 4, 0 ],
    [ 4, 1406, 41, 0, 2, 2, 3, 1 ],
    [ 4, 1439, 79, 10, 1, 1, 4, 0 ],
    [ 4, 1519, 41, 8, 4, 2, 0, 0 ],
    [ 4, 1553, 41, 8, 1, 0, 2, 1 ],
    [ 4, 1607, 43, 8, 3, 0, 0, 2 ],
    [ 4, 1651, 43, 3, 2, 3, 1, 1 ],
    [ 4, 1679, 41, 6, 1, 1, 1, 0 ],
    [ 4, 1751, 43, 5, 2, 2, 2, 0 ],
    [ 4, 1847, 43, 5, 1, 0, 1, 1 ],
    [ 4, 1871, 199, 10, 4, 1, 3, 1 ],
    [ 4, 2047, 65, 8, 2, 0, 2, 2 ],
    [ 4, 2099, 69, 3, 0, 1, 3, 3 ],
    [ 4, 2111, 47, 6, 3, 1, 2, 0 ],
    [ 4, 2165, 47, 3, 7, 0, 0, 1 ],
    [ 4, 2191, 47, 5, 2, 2, 0, 1 ],
    [ 4, 2201, 47, 4, 2, 1, 2, 0 ],
    [ 4, 2201, 51, 5, 0, 2, 4, 0 ],
    [ 4, 2351, 49, 5, 3, 2, 0, 1 ],
    [ 4, 2399, 49, 7, 1, 2, 0, 0 ],
    [ 4, 2441, 67, 12, 2, 1, 1, 1 ],
    [ 4, 2515, 53, 3, 1, 0, 2, 3 ],
    [ 4, 2567, 53, 9, 1, 0, 1, 2 ],
    [ 4, 2689, 169, 5, 1, 6, 2, 1 ],
    [ 4, 2791, 53, 6, 2, 2, 1, 0 ],
    [ 4, 2801, 57, 7, 0, 2, 1, 2 ],
    [ 4, 3023, 55, 6, 3, 0, 1, 0 ],
    [ 4, 3151, 57, 9, 0, 2, 2, 0 ],
    [ 4, 3151, 71, 14, 3, 1, 1, 0 ],
    [ 4, 3154, 61, 0, 4, 4, 1, 1 ],
    [ 4, 3209, 61, 10, 2, 1, 1, 1 ],
    [ 4, 3239, 59, 7, 1, 1, 1, 2 ],
    [ 4, 3281, 137, 8, 2, 2, 2, 2 ],
    [ 4, 3431, 59, 9, 3, 2, 0, 0 ],
    [ 4, 3449, 59, 6, 2, 1, 1, 1 ],
    [ 4, 3479, 61, 6, 2, 2, 0, 2 ],
    [ 4, 3583, 71, 5, 6, 0, 2, 1 ],
    [ 4, 3671, 61, 6, 1, 2, 1, 1 ],
    [ 4, 3685, 173, 3, 8, 0, 5, 0 ],
    [ 4, 3713, 65, 10, 4, 0, 2, 0 ],
    [ 4, 4079, 73, 7, 1, 4, 2, 0 ],
    [ 4, 4097, 95, 7, 8, 0, 1, 1 ],
    [ 4, 4223, 65, 9, 1, 0, 0, 1 ],
    [ 4, 4471, 67, 9, 2, 1, 1, 0 ],
    [ 4, 4589, 107, 3, 6, 1, 3, 1 ],
    [ 4, 4633, 85, 6, 4, 0, 2, 2 ],
    [ 4, 4831, 113, 7, 4, 2, 2, 1 ],
    [ 4, 4969, 83, 8, 1, 1, 2, 2 ],
    [ 4, 5009, 79, 5, 2, 4, 1, 1 ],
    [ 4, 5039, 71, 6, 2, 1, 1, 0 ],
    [ 4, 5231, 73, 7, 1, 1, 2, 1 ],
    [ 4, 5319, 73, 4, 0, 1, 0, 3 ],
    [ 4, 5431, 83, 6, 6, 1, 1, 1 ],
    [ 4, 6079, 79, 6, 4, 1, 1, 1 ],
    [ 4, 6233, 79, 4, 4, 0, 1, 1 ],
    [ 4, 6326, 199, 0, 8, 2, 1, 3 ],
    [ 4, 6861, 83, 3, 0, 4, 1, 1 ],
    [ 4, 7081, 149, 5, 3, 1, 1, 4 ],
    [ 4, 7171, 89, 3, 1, 3, 3, 1 ],
    [ 4, 7181, 85, 3, 1, 0, 4, 1 ],
    [ 4, 7759, 89, 7, 4, 1, 2, 0 ],
    [ 4, 7831, 109, 9, 4, 2, 1, 1 ],
    [ 4, 7919, 89, 6, 2, 1, 0, 1 ],
    [ 4, 7967, 113, 9, 4, 0, 4, 0 ],
    [ 4, 8343, 92, 0, 0, 0, 5, 2 ],
    [ 4, 8599, 93, 6, 0, 2, 2, 1 ],
    [ 4, 9049, 101, 8, 2, 3, 1, 1 ],
    [ 4, 9401, 101, 6, 4, 2, 0, 2 ],
    [ 4, 9407, 97, 8, 1, 0, 2, 0 ],
    [ 4, 9641, 103, 4, 4, 3, 0, 2 ],
    [ 4, 9799, 99, 5, 0, 2, 2, 0 ],
    [ 4, 9959, 101, 7, 2, 1, 1, 2 ],
    [ 4, 10511, 103, 8, 1, 1, 2, 1 ],
    [ 4, 10559, 103, 5, 3, 2, 2, 0 ],
    [ 4, 11057, 135, 11, 0, 0, 1, 4 ],
    [ 4, 11639, 109, 6, 1, 1, 2, 2 ],
    [ 4, 11879, 109, 5, 3, 1, 0, 1 ],
    [ 4, 11929, 139, 6, 1, 6, 1, 1 ],
    [ 4, 12121, 131, 5, 2, 1, 1, 4 ],
    [ 4, 12121, 373, 6, 4, 4, 2, 2 ],
    [ 4, 12319, 111, 7, 0, 1, 1, 1 ],
    [ 4, 12319, 113, 10, 2, 2, 2, 0 ],
    [ 4, 12641, 113, 8, 1, 1, 1, 2 ],
    [ 4, 12641, 129, 6, 0, 3, 0, 4 ],
    [ 4, 12799, 161, 7, 8, 1, 0, 2 ],
    [ 4, 13991, 4421, 7, 4, 10, 3, 1 ],
    [ 4, 13999, 119, 10, 4, 1, 0, 1 ],
    [ 4, 14089, 131, 11, 1, 6, 0, 0 ],
    [ 4, 14671, 127, 5, 6, 2, 1, 1 ],
    [ 4, 15121, 123, 4, 0, 3, 0, 2 ],
    [ 4, 15121, 127, 5, 2, 6, 1, 0 ],
    [ 4, 15439, 169, 6, 8, 3, 0, 1 ],
    [ 4, 16127, 127, 10, 2, 0, 1, 0 ],
    [ 4, 16634, 129, 0, 0, 2, 1, 3 ],
    [ 4, 17139, 131, 3, 0, 2, 3, 1 ],
    [ 4, 17399, 149, 5, 2, 2, 4, 1 ],
    [ 4, 17519, 137, 7, 4, 4, 1, 0 ],
    [ 4, 18071, 173, 8, 1, 3, 2, 2 ],
    [ 4, 18499, 137, 3, 3, 1, 1, 3 ],
    [ 4, 19079, 139, 10, 1, 2, 0, 2 ],
    [ 4, 21551, 151, 7, 2, 4, 1, 1 ],
    [ 4, 22151, 149, 7, 2, 2, 1, 1 ],
    [ 4, 22559, 151, 5, 4, 1, 1, 2 ],
    [ 4, 22601, 157, 12, 3, 3, 1, 0 ],
    [ 4, 23159, 229, 5, 3, 2, 1, 4 ],
    [ 4, 23849, 307, 9, 10, 2, 0, 1 ],
    [ 4, 24119, 163, 10, 2, 2, 2, 1 ],
    [ 4, 24631, 157, 8, 2, 1, 1, 1 ],
    [ 4, 25919, 161, 8, 4, 1, 0, 0 ],
    [ 4, 26921, 211, 7, 6, 2, 2, 1 ],
    [ 4, 27761, 281, 12, 2, 2, 2, 2 ],
    [ 4, 28463, 169, 7, 4, 0, 2, 1 ],
    [ 4, 29921, 177, 8, 0, 4, 2, 1 ],
    [ 4, 32447, 193, 7, 2, 0, 4, 2 ],
    [ 4, 32759, 253, 10, 3, 6, 1, 0 ],
    [ 4, 34351, 311, 18, 4, 1, 1, 1 ],
    [ 4, 36329, 211, 14, 1, 2, 2, 1 ],
    [ 4, 36479, 193, 14, 2, 1, 1, 1 ],
    [ 4, 38807, 197, 5, 2, 0, 2, 1 ],
    [ 4, 39511, 397, 10, 10, 1, 1, 1 ],
    [ 4, 39599, 199, 6, 2, 2, 0, 1 ],
    [ 4, 44159, 271, 6, 1, 2, 2, 4 ],
    [ 4, 45839, 217, 9, 1, 4, 0, 2 ],
    [ 4, 47959, 221, 6, 2, 2, 2, 2 ],
    [ 4, 48271, 223, 5, 6, 3, 2, 0 ],
    [ 4, 48761, 267, 12, 0, 2, 4, 1 ],
    [ 4, 50983, 283, 18, 3, 0, 2, 1 ],
    [ 4, 52049, 257, 5, 10, 3, 1, 0 ],
    [ 4, 52319, 337, 12, 4, 4, 2, 0 ],
    [ 4, 54127, 233, 8, 4, 0, 1, 2 ],
    [ 4, 57089, 247, 5, 10, 1, 2, 0 ],
    [ 4, 58079, 241, 7, 1, 1, 0, 2 ],
    [ 4, 60959, 247, 5, 2, 2, 1, 2 ],
    [ 4, 61903, 249, 11, 0, 0, 2, 2 ],
    [ 4, 62999, 251, 5, 2, 3, 1, 0 ],
    [ 4, 63991, 253, 11, 2, 3, 0, 0 ],
    [ 4, 65951, 257, 6, 1, 3, 2, 1 ],
    [ 4, 66569, 259, 10, 5, 2, 0, 1 ],
    [ 4, 69071, 263, 11, 3, 1, 2, 0 ],
    [ 4, 69649, 407, 9, 1, 3, 6, 0 ],
    [ 4, 73079, 323, 9, 2, 6, 1, 1 ],
    [ 4, 78151, 443, 6, 10, 2, 3, 0 ],
    [ 4, 80849, 293, 4, 5, 4, 3, 0 ],
    [ 4, 85651, 293, 3, 2, 3, 3, 1 ],
    [ 4, 88609, 383, 6, 1, 1, 6, 2 ],
    [ 4, 89239, 317, 6, 2, 4, 2, 2 ],
    [ 4, 102199, 349, 9, 4, 3, 1, 2 ],
    [ 4, 104977, 361, 9, 2, 0, 6, 1 ],
    [ 4, 105679, 377, 12, 6, 2, 0, 2 ],
    [ 4, 106061, 331, 3, 4, 3, 1, 3 ],
    [ 4, 119191, 403, 11, 2, 2, 4, 1 ],
    [ 4, 120041, 487, 4, 6, 1, 2, 4 ],
    [ 4, 123199, 351, 8, 0, 2, 1, 1 ],
    [ 4, 123599, 391, 12, 3, 1, 0, 4 ],
    [ 4, 124409, 353, 4, 1, 2, 3, 2 ],
    [ 4, 128369, 359, 10, 1, 3, 3, 0 ],
    [ 4, 143761, 767, 5, 4, 2, 3, 4 ],
    [ 4, 151079, 389, 7, 3, 2, 1, 2 ],
    [ 4, 155999, 401, 8, 2, 2, 4, 1 ],
    [ 4, 172639, 431, 12, 8, 2, 1, 0 ],
    [ 4, 176999, 443, 10, 6, 3, 1, 1 ],
    [ 4, 182841, 428, 0, 0, 2, 3, 4 ],
    [ 4, 201599, 449, 9, 2, 2, 1, 0 ],
    [ 4, 215741, 503, 3, 1, 7, 1, 3 ],
    [ 4, 231409, 1097, 6, 5, 3, 2, 4 ],
    [ 4, 235223, 485, 5, 5, 0, 0, 2 ],
    [ 4, 235919, 487, 12, 1, 4, 1, 1 ],
    [ 4, 237151, 487, 5, 2, 1, 2, 2 ],
    [ 4, 242951, 493, 5, 5, 3, 2, 0 ],
    [ 4, 250759, 501, 12, 0, 1, 2, 2 ],
    [ 4, 252089, 619, 18, 1, 3, 1, 2 ],
    [ 4, 256999, 517, 20, 1, 1, 3, 0 ],
    [ 4, 273221, 523, 3, 7, 3, 1, 1 ],
    [ 4, 288361, 541, 6, 3, 1, 4, 2 ],
    [ 4, 305111, 563, 10, 5, 1, 2, 2 ],
    [ 4, 353999, 599, 6, 4, 2, 4, 1 ],
    [ 4, 358819, 617, 3, 7, 1, 5, 1 ],
    [ 4, 358961, 839, 8, 12, 1, 2, 1 ],
    [ 4, 373319, 683, 8, 8, 1, 1, 3 ],
    [ 4, 392111, 631, 9, 2, 2, 3, 2 ],
    [ 4, 425441, 697, 5, 6, 4, 3, 1 ],
    [ 4, 466471, 689, 4, 1, 3, 6, 1 ],
    [ 4, 482863, 695, 9, 4, 0, 3, 1 ],
    [ 4, 549839, 761, 10, 2, 1, 2, 4 ],
    [ 4, 588201, 767, 4, 0, 1, 6, 1 ],
    [ 4, 591359, 769, 11, 1, 1, 1, 1 ],
    [ 4, 622049, 1649, 22, 5, 4, 0, 1 ],
    [ 4, 642671, 937, 11, 3, 1, 6, 1 ],
    [ 4, 708601, 907, 8, 4, 6, 2, 1 ],
    [ 4, 775961, 901, 11, 8, 1, 1, 2 ],
    [ 4, 776159, 881, 7, 2, 1, 2, 1 ],
    [ 4, 779561, 883, 8, 4, 3, 1, 1 ],
    [ 4, 789871, 983, 11, 6, 1, 3, 2 ],
    [ 4, 862679, 2099, 11, 1, 1, 3, 6 ],
    [ 4, 926549, 1007, 3, 6, 5, 1, 3 ],
    [ 4, 937471, 1311, 7, 0, 8, 3, 2 ],
    [ 4, 1103143, 1051, 13, 6, 0, 2, 1 ],
    [ 4, 1158191, 1079, 13, 4, 2, 1, 2 ],
    [ 4, 1164239, 1079, 6, 3, 1, 2, 1 ],
    [ 4, 1245359, 1129, 7, 2, 4, 1, 4 ],
    [ 4, 1351319, 1213, 6, 6, 2, 4, 2 ],
    [ 4, 1437599, 1201, 10, 2, 4, 4, 0 ],
    [ 4, 1539919, 1241, 7, 4, 4, 1, 1 ],
    [ 4, 1653559, 1291, 5, 8, 1, 3, 2 ],
    [ 4, 1660231, 1387, 13, 2, 3, 1, 4 ],
    [ 4, 1707737, 1339, 7, 6, 0, 4, 3 ],
    [ 4, 1760897, 1327, 6, 3, 0, 2, 3 ],
    [ 4, 1852079, 1361, 5, 3, 2, 3, 2 ],
    [ 4, 2052239, 1433, 10, 6, 4, 0, 1 ],
    [ 4, 2245801, 1523, 14, 2, 1, 3, 3 ],
    [ 4, 2283119, 1513, 8, 6, 2, 2, 2 ],
    [ 4, 2302351, 1593, 7, 0, 4, 6, 2 ],
    [ 4, 3023879, 1739, 9, 3, 3, 1, 2 ],
    [ 4, 3193319, 1787, 11, 4, 2, 1, 1 ],
    [ 4, 3277511, 1819, 6, 5, 6, 1, 2 ],
    [ 4, 4214759, 2053, 14, 1, 2, 3, 0 ],
    [ 4, 4774801, 2599, 6, 2, 4, 8, 1 ],
    [ 4, 6295591, 5221, 26, 2, 3, 1, 3 ],
    [ 4, 6648439, 2581, 5, 8, 4, 0, 3 ],
    [ 4, 6898679, 2627, 8, 4, 2, 2, 3 ],
    [ 4, 7545991, 2747, 6, 2, 3, 3, 1 ],
    [ 4, 8213369, 3211, 22, 7, 1, 1, 2 ],
    [ 4, 8504719, 6133, 4, 7, 1, 8, 3 ],
    [ 4, 9627641, 3147, 10, 0, 10, 2, 1 ],
    [ 4, 11354249, 3901, 11, 12, 2, 3, 1 ],
    [ 4, 11685649, 3449, 6, 8, 5, 3, 1 ],
    [ 4, 13748489, 3709, 14, 6, 1, 3, 1 ],
    [ 4, 15832049, 4007, 9, 2, 3, 1, 6 ],
    [ 4, 21506591, 4721, 15, 5, 8, 0, 1 ],
    [ 4, 22818479, 4777, 7, 3, 4, 4, 1 ],
    [ 4, 23049599, 4801, 9, 1, 2, 4, 0 ],
    [ 4, 24000199, 4901, 6, 4, 4, 4, 2 ],
    [ 4, 29910151, 6283, 15, 14, 1, 1, 2 ],
    [ 4, 31482929, 5639, 13, 4, 8, 1, 1 ],
    [ 4, 36590399, 6049, 8, 3, 2, 1, 2 ],
    [ 4, 39199879, 6261, 10, 0, 5, 2, 2 ],
    [ 4, 46914719, 21809, 13, 6, 2, 1, 8 ],
    [ 4, 63887951, 7993, 9, 1, 3, 2, 3 ],
    [ 4, 76544999, 8749, 5, 7, 4, 1, 0 ],
    [ 4, 110480851, 10511, 3, 3, 1, 3, 5 ],
    [ 4, 126719951, 11257, 13, 2, 4, 2, 1 ],
    [ 4, 200039899, 14551, 3, 12, 3, 7, 1 ],
    [ 4, 263620961, 16433, 18, 6, 2, 2, 4 ],
    [ 4, 304033831, 17509, 17, 4, 6, 1, 3 ],
    [ 4, 384199199, 19601, 7, 4, 2, 2, 2 ],
    [ 4, 418307399, 20539, 6, 7, 1, 4, 6 ],
    [ 4, 1070528159, 32719, 18, 3, 1, 4, 2 ],
    [ 5, 1, 3, 1, 0, 0, 0, 2 ],
    [ 5, 5, 2, 0, 0, 0, 1, 0 ],
    [ 5, 17, 4, 0, 1, 1, 2, 0 ],
    [ 5, 23, 4, 0, 2, 1, 0, 1 ],
    [ 5, 31, 4, 0, 2, 0, 1, 0 ],
    [ 5, 181, 8, 0, 0, 0, 1, 0 ],
    [ 5, 241, 9, 3, 0, 0, 0, 2 ],
    [ 5, 401, 11, 1, 0, 3, 0, 0 ],
    [ 5, 4201, 31, 1, 1, 3, 0, 4 ],
    [ 5, 4443, 37, 2, 0, 0, 1, 6 ],
    [ 5, 130679, 130, 0, 1, 0, 3, 7 ],
    [ 6, 1, 2, 0, 2, 0, 1, 0 ],
    [ 6, 3, 2, 0, 0, 1, 0, 1 ],
    [ 6, 5, 3, 6, 0, 0, 0, 1 ],
    [ 6, 7, 2, 0, 1, 1, 0, 0 ],
    [ 6, 13, 3, 4, 0, 1, 1, 0 ],
    [ 6, 17, 3, 3, 0, 1, 0, 1 ],
    [ 6, 22, 3, 0, 0, 1, 2, 0 ],
    [ 6, 23, 3, 3, 0, 2, 0, 0 ],
    [ 6, 29, 5, 6, 1, 0, 1, 1 ],
    [ 6, 37, 5, 4, 4, 0, 0, 1 ],
    [ 6, 57, 4, 0, 0, 0, 1, 2 ],
    [ 6, 61, 4, 0, 1, 3, 0, 0 ],
    [ 6, 71, 5, 3, 3, 0, 2, 0 ],
    [ 6, 117, 5, 4, 0, 0, 0, 2 ],
    [ 6, 118, 5, 0, 5, 0, 1, 0 ],
    [ 6, 143, 7, 4, 5, 2, 0, 0 ],
    [ 6, 233, 7, 7, 2, 1, 0, 1 ],
    [ 6, 239, 9, 4, 0, 1, 2, 2 ],
    [ 6, 253, 13, 4, 5, 2, 2, 0 ],
    [ 6, 262, 7, 0, 4, 1, 0, 2 ],
    [ 6, 332, 7, 0, 3, 2, 0, 1 ],
    [ 6, 433, 17, 8, 5, 1, 1, 1 ],
    [ 6, 503, 13, 3, 3, 2, 1, 2 ],
    [ 6, 547, 13, 4, 1, 2, 3, 1 ],
    [ 6, 679, 9, 8, 0, 2, 0, 1 ],
    [ 6, 1169, 11, 3, 4, 4, 0, 0 ],
    [ 6, 1261, 11, 6, 4, 1, 1, 0 ],
    [ 6, 1315, 11, 5, 3, 0, 2, 0 ],
    [ 6, 1387, 13, 10, 4, 1, 1, 0 ],
    [ 6, 1583, 23, 4, 3, 4, 2, 1 ],
    [ 6, 1861, 29, 12, 1, 4, 1, 1 ],
    [ 6, 2177, 13, 3, 7, 1, 0, 0 ],
    [ 6, 2512, 17, 0, 3, 2, 4, 1 ],
    [ 6, 3835, 17, 3, 7, 0, 2, 1 ],
    [ 6, 4888, 17, 0, 4, 2, 0, 2 ],
    [ 6, 5291, 19, 6, 5, 2, 2, 0 ],
    [ 6, 5597, 37, 13, 2, 5, 0, 1 ],
    [ 6, 6616, 19, 0, 5, 2, 2, 1 ],
    [ 6, 6749, 19, 4, 5, 1, 1, 1 ],
    [ 6, 9703, 23, 6, 7, 1, 1, 1 ],
    [ 6, 11843, 23, 3, 4, 1, 4, 0 ],
    [ 6, 17641, 31, 4, 5, 2, 2, 2 ],
    [ 6, 24011, 29, 5, 3, 2, 1, 2 ],
    [ 6, 42587, 47, 3, 7, 1, 1, 4 ],
    [ 6, 44603, 37, 4, 5, 2, 2, 2 ],
    [ 6, 50597, 37, 4, 4, 4, 1, 0 ],
    [ 6, 86437, 67, 8, 7, 2, 2, 2 ],
    [ 6, 204569, 59, 3, 4, 1, 1, 4 ],
    [ 6, 223579, 61, 14, 5, 1, 1, 1 ],
    [ 6, 388907, 73, 3, 4, 1, 4, 1 ],
    [ 6, 1185029, 109, 5, 11, 4, 1, 1 ],
    [ 7, 7, 4, 0, 3, 1, 0, 2 ],
    [ 7, 11, 2, 0, 0, 0, 1, 0 ],
    [ 7, 47, 4, 0, 4, 2, 1, 0 ],
    [ 7, 103, 4, 0, 1, 2, 1, 1 ],
    [ 7, 117, 4, 0, 0, 1, 2, 1 ],
    [ 8, 5, 2, 0, 1, 0, 1, 1 ],
    [ 8, 9, 2, 0, 0, 2, 1, 0 ],
    [ 8, 11, 2, 0, 3, 1, 0, 0 ],
    [ 8, 17, 3, 7, 0, 0, 2, 0 ],
    [ 8, 31, 3, 5, 0, 2, 1, 0 ],
    [ 8, 59, 3, 3, 0, 1, 1, 1 ],
    [ 8, 73, 3, 4, 0, 0, 1, 1 ],
    [ 8, 79, 3, 6, 0, 1, 0, 0 ],
    [ 8, 383, 5, 5, 2, 0, 1, 2 ],
    [ 8, 527, 5, 8, 2, 0, 2, 0 ],
    [ 8, 607, 5, 5, 2, 0, 1, 1 ],
    [ 8, 2351, 7, 5, 3, 2, 0, 1 ],
    [ 8, 2399, 7, 7, 1, 2, 0, 0 ],
    [ 8, 2689, 13, 5, 1, 6, 2, 1 ],
    [ 8, 15439, 13, 6, 8, 3, 0, 1 ],
    [ 8, 28463, 13, 7, 4, 0, 2, 1 ],
    [ 8, 104977, 19, 9, 2, 0, 6, 1 ],
    [ 9, 13, 2, 0, 0, 0, 3, 0 ],
    [ 10, 17, 2, 0, 1, 1, 2, 0 ],
    [ 10, 23, 2, 0, 2, 1, 0, 1 ],
    [ 10, 31, 2, 0, 2, 0, 1, 0 ],
    [ 10, 241, 3, 3, 0, 0, 0, 2 ],
    [ 12, 57, 2, 0, 0, 0, 1, 2 ],
    [ 12, 61, 2, 0, 1, 3, 0, 0 ],
    [ 12, 239, 3, 4, 0, 1, 2, 2 ],
    [ 12, 679, 3, 8, 0, 2, 0, 1 ],
    [ 13, 8143, 4, 0, 3, 1, 2, 2 ],
    [ 14, 7, 2, 0, 3, 1, 0, 2 ],
    [ 14, 47, 2, 0, 4, 2, 1, 0 ],
    [ 14, 103, 2, 0, 1, 2, 1, 1 ],
    [ 14, 117, 2, 0, 0, 1, 2, 1 ],
    [ 15, 181, 2, 0, 0, 0, 1, 0 ],
    [ 26, 8143, 2, 0, 3, 1, 2, 2 ]
];
